100000 0 0
200000 0 0
300000 0 0
400000 0 0
500000 0 0
600000 0 0
700000 0 0
800000 0 0
900000 0 0
1000000 0 0
1100000 0 0
1200000 0 0
1300000 0 0
1400000 0 0
1500000 0 0
1600000 0 0
1700000 0 0
1800000 0 0
1900000 0 0
2000000 0 0
2100000 0 0
2200000 0 0
2300000 0 0
2400000 0 0
2500000 0 0
2600000 0 0
2700000 0 0
2800000 0 0
2900000 1 0
3000000 0 0
3100000 1 0
3200000 1 0
3300000 1 0
3400000 1 0
3500000 1 0
3600000 1 0
3700000 1 0
3800000 1 0
3900000 1 0
4000000 1 0
4100000 1 0
4200000 1 0
4300000 1 0
4400000 1 0
4500000 1 0
4600000 1 0
4700000 1 0
4800000 1 0
4900000 1 0
5000000 1 0
5100000 1 0
5200000 1 0
5300000 1 0
5400000 1 0
5500000 1 0
5600000 1 0
5700000 0 0
5800000 0 0
5900000 0 0
6000000 0 0
6100000 0 0
6200000 0 0
6300000 0 0
6400000 0 0
6500000 0 0
6600000 0 0
6700000 0 0
6800000 0 0
6900000 0 0
7000000 0 0
7100000 0 0
7200000 0 0
7300000 0 0
7400000 0 0
7500000 0 0
7600000 0 0
7700000 0 0
7800000 0 0
7900000 0 0
8000000 0 0
8100000 0 0
8200000 0 0
8300000 0 0
8400000 0 0
8500000 0 0
8600000 0 0
8700000 0 0
8800000 0 0
8900000 0 0
9000000 0 0
9100000 0 0
9200000 0 0
9300000 0 0
9400000 0 0
9500000 0 0
9600000 0 0
9700000 7 0
9800000 8 0
9900000 8 0
